HDR2011080417362900000000000BMP_Arbor0.0.0                     0
PC100025  11POS1080490923006       00100600000002012188652262              1000000120110803210057      0002192294866              2188652262              00000004340000000000000000000000000000000000000000210000000000 000000               |      |29050|29050|      |00                     |               0   3823814   3006085    0 3  201 3         0    0         0    0
PC100025  11POS1080490923029       00100600000002012184716587              1000000120110803213222      0002193318364              2184716587              00000001220000000000000000000000000000000000000000210000000000 000000               |      |29050|29050|      |00                     |               0  14914264  14025955    0 3  201 3         0    0         0    0
PC100025  11POS1080490923065       00100600000002012188287990              1000000120110803215853      0002176277249              2188287990              00000001500000000000000000000000000000000000000000210000000000 000000               |      |29050|29050|      |00                     |               0  13340134  12748609    0 3  201 3         0    0         0    0
PC100025  11POS1080490923059       00110200000002012188898361              1000000120110803220206      0002141135660              2188898361              00000002980000000000000000000000000000000000000000210000000000 000000               |      |21190|29050|      |00                     |               0   8980773   8442109    0 3  201 3         0    0         0    0
PC100025  11POS1080490923027       00100600000002012186960019              1000000120110803212854      0002176902801              2186960019              00000001890000000000000000000000000000000000000000210000000000 000000               |      |29050|29050|      |00                     |               0  12214199  11103384    0 3  201 3         0    0         0    0
PC100025  11POS1080490923008       00100600000002012188979564              1000000120110803211248      0002176420251              2188979564              00000001130000000000000000000000000000000000000000210000000000 000000               |      |29050|29050|      |00                     |               0    847405    659852    0 3  201 3         0    0         0    0
PC100025  11POS1080490923030       00110200000002012176874813              1000000120110803212152      0002130296757              2176874813              00000007920000000000000000000000000000000000000000210000000000 000000               |      |21188|29050|      |00                     |               0   9758723   8727221    0 3  201 3         0    0         0    0
PC100025  11POS1080490923016       00100600000002012199124094              1000000120110803211307      0002197868156              2199124094              00000004860000000000000000000000000000000000000000210000000000 000000               |      |29050|29050|      |00                     |               0  16070664  15425775    0 3  201 3         0    0         0    0
PC100025  11POS1080490923001       00100600000002012186153020              1000000120110803205933      0002180158123              2186153020              00000002420000000000000000000000000000000000000000210000000000 000000               |      |29050|29050|      |00                     |               0   1654725   2642666    0 3  201 3         0    0         0    0
PC100025  11POS1080490923026       00100600000002012188286622              1000000120110803212759      0002182847489              2188286622              00000001740000000000000000000000000000000000000000210000000000 000000               |      |29050|29050|      |00                     |               0   6326845   5660063    0 3  201 3         0    0         0    0
PC100025  11POS1080490923015       00100600000002012187051551              1000000120110803211331      0002175953078              2187051551              00000002140000000000000000000000000000000000000000210000000000 000000               |      |29050|29050|      |00                     |               0   4753470   3947123    0 3  201 3         0    0         0    0
PC100025  11POS1080490923042       00100600000002012198828789              1000000120110803214006      0002196816165              2198828789              00000002930000000000000000000000000000000000000000210000000000 000000               |      |29050|29050|      |00                     |               0  15958110  16773520    0 3  201 3         0    0         0    0
PC100025  11POS1080490923011       00110200000002012188340121              1000000120110803210731      0002127197192              2188340121              00000006010000000000000000000000000000000000000000210000000000 000000               |      |21188|29050|      |00                     |               0    541365    388280    0 3  201 3         0    0         0    0
PC100025  11POS1080490923021       00100600000002012188896989              1000000120110803212418      0002191291907              2188896989              00000001210000000000000000000000000000000000000000210000000000 000000               |      |29050|29050|      |00                     |               0    879624    687582    0 3  201 3         0    0         0    0
PC100025  11POS1080490923055       00100600000002012188629422              1000000120110803214734      0002196298181              2188629422              00000003360000000000000000000000000000000000000000210000000000 000000               |      |29050|29050|      |00                     |               0    469233    330521    0 3  201 3         0    0         0    0
PC100025  11POS1080490923005       00100600000002012198426329              1000000120110803210357      0002199265565              2198426329              00000001090000000000000000000000000000000000000000210000000000 000000               |      |29050|29050|      |00                     |               0   9893381   8984060    0 3  201 3         0    0         0    0
PC100025  11POS1080490923044       00100600000002012188752153              1000000120110803214528      0002198189474              2188752153              00000002160000000000000000000000000000000000000000210000000000 000000               |      |29050|29050|      |00                     |               0   5478141   4839244    0 3  201 3         0    0         0    0
PC100025  11POS1080490923040       00100600000002012191793460              1000000120110803213911      0002199309986              2191793460              00000001390000000000000000000000000000000000000000210000000000 000000               |      |29050|29050|      |00                     |               0  14746233  13705716    0 3  201 3         0    0         0    0
PC100025  11POS1080490923060       00100600000002012185386727              1000000120110803220517      0002172050060              2185386727              00000002350000000000000000000000000000000000000000210000000000 000000               |      |29050|29050|      |00                     |               0  13850325  12672942    0 3  201 3         0    0         0    0
PC100025  11POS1080490923010       00100600000002012187421602              1000000120110803211220      0002191509161              2187421602              00000002280000000000000000000000000000000000000000210000000000 000000               |      |29050|29050|      |00                     |               0   2856912   3522469    0 3  201 3         0    0         0    0
PC100025  11POS1080490923028       00100600000002012187776833              1000000120110803212830      0002172633200              2187776833              00000002160000000000000000000000000000000000000000210000000000 000000               |      |29050|29050|      |00                     |               0    833365   1210427    0 3  201 3         0    0         0    0
PC100025  11POS1080490923041       00100600000002012198404161              1000000120110803214157      0002197603412              2198404161              00000001130000000000000000000000000000000000000000210000000000 000000               |      |29050|29050|      |00                     |               0  14837546  13822059    0 3  201 3         0    0         0    0
PC100025  11POS1080490923032       00100600000002012188921963              1000000120110803213334      0002186512311              2188921963              00000001260000000000000000000000000000000000000000210000000000 000000               |      |29050|29050|      |00                     |               0   6877494   6165762    0 3  201 3         0    0         0    0
PC100025  11POS1080490923051       00100600000002012184473100              1000000120110803215143      0002199367822              2184473100              00000002160000000000000000000000000000000000000000210000000000 000000               |      |29050|29050|      |00                     |               0  10492605   9377752    0 3  201 3         0    0         0    0
TRA20110804173629000024     BMP_Arbor0.0.0                     0
